0 10:0.0002962946891784668,3.24249267578125e-05,3.933906555175781e-06,8.761882781982422e-06,7.34478235244751e-05,7.644295692443848e-05,0.00013324618339538574,0.0006262660026550293,1,4,
1 10:0.00014476478099822998,2.1159648895263672e-05,2.16066837310791e-06,1.817941665649414e-06,2.816319465637207e-05,2.7671456336975098e-05,9.970366954803467e-05,0.0003267526626586914,
0 100:0.002608776092529297,0.0003106743097305298,4.038214683532715e-06,3.11434268951416e-06,0.0007037967443466187,0.000712275505065918,0.0012921243906021118,0.005636245012283325,4,60,
1 100:0.0019582360982894897,0.00031091272830963135,2.60770320892334e-06,2.0563602447509766e-06,0.0003737807273864746,0.0003747493028640747,0.0014455467462539673,0.004469245672225952,
0 1000:0.018449395895004272,0.0030964165925979614,3.56137752532959e-06,8.32974910736084e-06,0.006643697619438171,0.0063131749629974365,0.011081352829933167,0.04559725522994995,4,319,
1 1000:0.019518569111824036,0.003307819366455078,2.3096799850463867e-06,2.130866050720215e-06,0.0037989020347595215,0.0038219839334487915,0.013017192482948303,0.04346989095211029,
0 10000:0.403669148683548,0.022380292415618896,3.0249357223510742e-06,0.0004502981901168823,0.04755021631717682,0.038904428482055664,0.0654098242521286,0.5783684849739075,12,7357,
1 10000:0.17897310853004456,0.032138168811798096,2.0563602447509766e-06,1.6689300537109375e-06,0.03595656156539917,0.03610016405582428,0.11718706786632538,0.40035971999168396,
0 100000:2.8002377450466156,0.19817981123924255,1.004338264465332e-05,0.0019395798444747925,0.37222835421562195,0.3797357976436615,0.7451776266098022,4.497511669993401,15,43181,
1 100000:2.0336847603321075,0.46226657927036285,3.516674041748047e-06,9.208917617797852e-06,0.48775386810302734,0.49240270256996155,1.497797891497612,4.973920747637749,
0 1000000:25.80077664554119,2.5472561866045,6.42240047454834e-06,0.012417122721672058,4.864624664187431,4.960540607571602,8.893143311142921,47.078768491744995,16,309466,
1 1000000:28.8325082808733,7.752726882696152,5.9157609939575195e-06,1.2516975402832031e-05,7.30091518163681,7.355026870965958,19.57101160287857,70.81221191585064,
0 10000000:303.61285249888897,28.70980468392372,6.496906280517578e-06,0.011868521571159363,51.99298705160618,53.685925871133804,93.03117224574089,531.0446246564388,18,1799912,
1 10000000:379.09630231559277,92.88894307613373,8.597970008850098e-06,8.091330528259277e-06,99.86302901804447,98.10064314305782,243.01567329466343,912.9646176248789,
0 10:0.0001856684684753418,1.996755599975586e-05,9.834766387939453e-06,9.59634780883789e-06,4.954636096954346e-05,4.582107067108154e-05,0.00010070204734802246,0.00042241811752319336,0,1,
1 10:9.223818778991699e-05,1.3023614883422852e-05,1.296401023864746e-06,1.1026859283447266e-06,1.926720142364502e-05,1.7836689949035645e-05,6.51925802230835e-05,0.00021092593669891357,
0 100:0.0024473965167999268,0.00020304322242736816,2.428889274597168e-06,2.592802047729492e-06,0.0004518181085586548,0.00045114755630493164,0.0010233521461486816,0.004582658410072327,4,39,
1 100:0.0013342052698135376,0.00021092593669891357,1.6540288925170898e-06,1.3709068298339844e-06,0.00025522708892822266,0.0002556443214416504,0.001011088490486145,0.0030709803104400635,
0 1000:0.023315414786338806,0.002177000045776367,2.9355287551879883e-06,1.0758638381958008e-05,0.004633456468582153,0.004678055644035339,0.009483084082603455,0.04430191218852997,7,370,
1 1000:0.017132863402366638,0.003134891390800476,2.2202730178833008e-06,1.4454126358032227e-06,0.003622710704803467,0.0036278218030929565,0.013053268194198608,0.04057621955871582,
0 10000:0.4109274744987488,0.0227431058883667,3.337860107421875e-06,0.0001291036605834961,0.04778878390789032,0.04852214455604553,0.08767078816890717,0.6177861243486404,11,4009,
1 10000:0.18786272406578064,0.03177972137928009,1.952052116394043e-06,1.5944242477416992e-06,0.035605400800704956,0.0357573926448822,0.11599144339561462,0.40700097382068634,
0 100000:2.995878353714943,0.18127714097499847,1.1727213859558105e-05,0.0029710382223129272,0.36869341135025024,0.3734839856624603,0.7266568839550018,4.648975849151611,15,66310,
1 100000:1.934342086315155,0.4211394041776657,3.6209821701049805e-06,6.452202796936035e-06,0.46702301502227783,0.4918224513530731,1.5821814686059952,4.896521985530853,
0 1000000:15.57608386874199,2.3667715787887573,5.662441253662109e-06,0.00507846474647522,4.684885591268539,4.590911284089088,8.145682975649834,35.36942218244076,11,309529,
1 1000000:29.33688934147358,6.521740838885307,5.617737770080566e-06,8.627772331237793e-06,7.2430902272462845,7.290017247200012,19.53108085691929,69.92283906042576,
0 10000000:288.5359408557415,29.473127752542496,1.354515552520752e-05,0.07019545137882233,53.714089289307594,54.21498230099678,94.16152283549309,520.1698806285858,16,2083073,