0.00022992953658103942,1.4631897211074828e-05,4.461854696273804e-06,4.053413867950439e-06,3.675580024719238e-05,3.5490840673446655e-05,9.782582521438598e-05,0.00042416378855705263,1.1,9.96,
6.175056099891663e-05,9.863823652267457e-06,9.541213512420654e-07,8.80807638168335e-07,1.3568401336669921e-05,1.3232380151748657e-05,5.094170570373535e-05,0.0001518315076828003,

0.002131379097700119,0.00014907598495483398,1.2814998626708984e-06,1.5857815742492676e-06,0.0003377474844455719,0.00034492745995521543,0.000908491164445877,0.003875374346971512,4.88,101.1,
0.000976199209690094,0.0001602970063686371,1.1792778968811035e-06,1.1983513832092285e-06,0.0001936066150665283,0.00019386112689971923,0.0007518628239631653,0.002278873026371002,

0.018813642263412474,0.001525612473487854,1.1005997657775879e-06,1.7252564430236817e-06,0.00340406596660614,0.0034787765145301817,0.006748891919851303,0.03397479847073555,7.35,703.49,
0.013195463865995407,0.0023663993179798126,1.5163421630859376e-06,1.5003979206085205e-06,0.002722831517457962,0.002727377712726593,0.009731414914131164,0.030747235715389253,

0.19263869047164917,0.016065731793642044,1.2160837650299072e-06,1.8240511417388916e-06,0.03500145733356476,0.03555383935570717,0.06928530737757682,0.3485491281747818,9.91,5152.21,
0.16614228069782258,0.0326839679479599,1.9855797290802e-06,1.935511827468872e-06,0.03684273064136505,0.03688103944063187,0.12055765315890313,0.39311239287257194,

2.0792539981007576,0.17830905303359032,4.023611545562744e-06,4.149824380874634e-06,0.37402403652668,0.3767061841487884,0.7199982027709484,3.728302857428789,12.11,42791.46,
2.062039061486721,0.4547716231644154,3.995299339294434e-06,4.137605428695679e-06,0.501844467818737,0.4983473704755306,1.4716322280466556,4.988645900338888,

27.02147387728095,2.383799517452717,5.5202841758728024e-06,7.841885089874267e-06,4.750434869676829,4.730545196980238,8.234232994318008,47.12050387054682,14.68,369048.78,
29.707126625180244,6.564024048447609,6.54071569442749e-06,1.0042786598205567e-05,7.46521527826786,7.454282904863358,19.416198189258576,70.60686842620373,

304.6350578933954,26.878340507596732,7.398426532745361e-06,8.73565673828125e-06,50.84366904258728,50.53909685090184,89.81816781371832,522.7143555206061,17.74,3259782.63,
370.7449606704712,92.90705700859428,9.603649377822876e-06,9.315162897109985e-06,102.60098951905965,101.5195171134174,252.2095101881027,919.9820621824265,

